0.012
0.021
0.010
0.011
0.010
0.017
0.017
0.015
0.014
0.011
0.011
0.014
0.007
0.011
0.021
0.011
0.010
0.011
0.011
0.013
0.016
0.006
0.010
0.019
0.010
0.011
0.011
0.013
0.008
0.018
0.006
0.015
0.011
0.010
0.011
0.012
0.009
0.011
0.012
0.016
0.004
0.021
0.011
0.011
0.017
0.004
0.021
0.012
0.010
0.009
0.013
0.013
0.006
0.013
0.017
0.007
0.016
0.011
0.013
0.014
0.005
0.021
0.013
0.010
0.017
0.003
0.022
0.010
0.012
0.016
0.011
0.009
0.016
0.011
0.011
0.010
0.016
0.011
0.010
0.006
0.021
0.011
0.016
0.005
0.011
0.021
0.011
0.012
0.024
0.012
0.012
0.010
0.012
0.010
0.011
0.011
0.016
0.015
0.011
0.010
